#a(fm) beta m_s*a m_ud*a
0.499 3.24977 0.637654 0.022652
0.498 3.2506 0.633274 0.0224964
0.497 3.25143 0.628925 0.0223419
0.496 3.25226 0.624608 0.0221886
0.495 3.25309 0.620323 0.0220363
0.494 3.25392 0.616069 0.0218852
0.493 3.25475 0.611845 0.0217352
0.492 3.25559 0.607653 0.0215862
0.491 3.25642 0.603491 0.0214384
0.49 3.25725 0.599359 0.0212916
0.489 3.25809 0.595257 0.0211459
0.488 3.25892 0.591185 0.0210012
0.487 3.25976 0.587143 0.0208576
0.486 3.2606 0.58313 0.0207151
0.485 3.26144 0.579146 0.0205736
0.484 3.26228 0.575191 0.0204331
0.483 3.26312 0.571265 0.0202936
0.482 3.26396 0.567368 0.0201552
0.481 3.2648 0.563499 0.0200177
0.48 3.26564 0.559658 0.0198813
0.479 3.26648 0.555845 0.0197458
0.478 3.26733 0.55206 0.0196114
0.477 3.26817 0.548302 0.0194779
0.476 3.26902 0.544571 0.0193453
0.475 3.26986 0.540868 0.0192138
0.474 3.27071 0.537191 0.0190832
0.473 3.27156 0.533541 0.0189535
0.472 3.27241 0.529918 0.0188248
0.471 3.27326 0.526321 0.018697
0.47 3.27411 0.52275 0.0185702
0.469 3.27496 0.519205 0.0184442
0.468 3.27581 0.515686 0.0183192
0.467 3.27666 0.512192 0.0181951
0.466 3.27752 0.508724 0.0180719
0.465 3.27837 0.50528 0.0179496
0.464 3.27923 0.501862 0.0178281
0.463 3.28008 0.498468 0.0177076
0.462 3.28094 0.4951 0.0175879
0.461 3.2818 0.491755 0.0174691
0.46 3.28266 0.488435 0.0173511
0.459 3.28352 0.485139 0.0172341
0.458 3.28438 0.481866 0.0171178
0.457 3.28524 0.478618 0.0170024
0.456 3.28611 0.475392 0.0168878
0.455 3.28697 0.472191 0.0167741
0.454 3.28784 0.469012 0.0166612
0.453 3.2887 0.465856 0.0165491
0.452 3.28957 0.462724 0.0164378
0.451 3.29044 0.459613 0.0163273
0.45 3.29131 0.456526 0.0162176
0.449 3.29218 0.45346 0.0161087
0.448 3.29305 0.450417 0.0160006
0.447 3.29392 0.447396 0.0158933
0.446 3.29479 0.444397 0.0157867
0.445 3.29567 0.441419 0.015681
0.444 3.29654 0.438463 0.0155759
0.443 3.29742 0.435528 0.0154717
0.442 3.2983 0.432614 0.0153682
0.441 3.29917 0.429721 0.0152654
0.44 3.30005 0.426849 0.0151634
0.439 3.30093 0.423998 0.0150621
0.438 3.30181 0.421167 0.0149615
0.437 3.3027 0.418357 0.0148617
0.436 3.30358 0.415567 0.0147626
0.435 3.30446 0.412797 0.0146642
0.434 3.30535 0.410047 0.0145665
0.433 3.30624 0.407317 0.0144695
0.432 3.30712 0.404606 0.0143732
0.431 3.30801 0.401915 0.0142776
0.43 3.3089 0.399243 0.0141827
0.429 3.30979 0.396591 0.0140885
0.428 3.31069 0.393957 0.0139949
0.427 3.31158 0.391343 0.013902
0.426 3.31248 0.388747 0.0138098
0.425 3.31337 0.386169 0.0137183
0.424 3.31427 0.383611 0.0136274
0.423 3.31517 0.38107 0.0135371
0.422 3.31607 0.378548 0.0134475
0.421 3.31697 0.376044 0.0133586
0.42 3.31787 0.373557 0.0132702
0.419 3.31877 0.371089 0.0131826
0.418 3.31967 0.368638 0.0130955
0.417 3.32058 0.366205 0.013009
0.416 3.32149 0.363789 0.0129232
0.415 3.32239 0.36139 0.012838
0.414 3.3233 0.359008 0.0127534
0.413 3.32421 0.356644 0.0126694
0.412 3.32513 0.354296 0.012586
0.411 3.32604 0.351965 0.0125032
0.41 3.32695 0.349651 0.012421
0.409 3.32787 0.347353 0.0123394
0.408 3.32878 0.345071 0.0122583
0.407 3.3297 0.342806 0.0121778
0.406 3.33062 0.340557 0.0120979
0.405 3.33154 0.338323 0.0120186
0.404 3.33246 0.336106 0.0119398
0.403 3.33339 0.333904 0.0118616
0.402 3.33431 0.331718 0.011784
0.401 3.33524 0.329548 0.0117069
0.4 3.33617 0.327393 0.0116303
0.399 3.3371 0.325253 0.0115543
0.398 3.33803 0.323128 0.0114788
0.397 3.33896 0.321019 0.0114039
0.396 3.33989 0.318924 0.0113294
0.395 3.34083 0.316844 0.0112556
0.394 3.34176 0.314779 0.0111822
0.393 3.3427 0.312728 0.0111093
0.392 3.34364 0.310692 0.011037
0.391 3.34458 0.30867 0.0109652
0.39 3.34552 0.306662 0.0108939
0.389 3.34646 0.304668 0.010823
0.388 3.34741 0.302689 0.0107527
0.387 3.34835 0.300723 0.0106829
0.386 3.3493 0.298772 0.0106136
0.385 3.35025 0.296833 0.0105447
0.384 3.3512 0.294909 0.0104763
0.383 3.35216 0.292998 0.0104085
0.382 3.35311 0.2911 0.010341
0.381 3.35407 0.289216 0.0102741
0.38 3.35502 0.287345 0.0102076
0.379 3.35598 0.285487 0.0101416
0.378 3.35694 0.283642 0.0100761
0.377 3.35791 0.28181 0.010011
0.376 3.35887 0.27999 0.00994636
0.375 3.35983 0.278183 0.00988218
0.374 3.3608 0.276389 0.00981844
0.373 3.36177 0.274607 0.00975515
0.372 3.36274 0.272838 0.0096923
0.371 3.36371 0.271081 0.00962988
0.37 3.36469 0.269336 0.0095679
0.369 3.36566 0.267604 0.00950634
0.368 3.36664 0.265883 0.00944522
0.367 3.36762 0.264174 0.00938451
0.366 3.3686 0.262477 0.00932423
0.365 3.36959 0.260792 0.00926436
0.364 3.37057 0.259118 0.00920491
0.363 3.37156 0.257456 0.00914586
0.362 3.37255 0.255805 0.00908723
0.361 3.37354 0.254166 0.00902899
0.36 3.37453 0.252538 0.00897116
0.359 3.37552 0.250921 0.00891373
0.358 3.37652 0.249316 0.00885668
0.357 3.37752 0.247721 0.00880003
0.356 3.37852 0.246137 0.00874377
0.355 3.37952 0.244564 0.0086879
0.354 3.38052 0.243002 0.0086324
0.353 3.38153 0.241451 0.00857729
0.352 3.38254 0.23991 0.00852255
0.351 3.38354 0.238379 0.00846818
0.35 3.38456 0.236859 0.00841419
0.349 3.38557 0.23535 0.00836056
0.348 3.38659 0.23385 0.00830729
0.347 3.3876 0.232361 0.00825439
0.346 3.38862 0.230882 0.00820185
0.345 3.38965 0.229413 0.00814966
0.344 3.39067 0.227954 0.00809783
0.343 3.3917 0.226505 0.00804634
0.342 3.39273 0.225065 0.00799521
0.341 3.39376 0.223635 0.00794441
0.34 3.39479 0.222215 0.00789396
0.339 3.39583 0.220804 0.00784385
0.338 3.39686 0.219403 0.00779408
0.337 3.3979 0.218012 0.00774464
0.336 3.39895 0.216629 0.00769553
0.335 3.39999 0.215256 0.00764675
0.334 3.40104 0.213892 0.0075983
0.333 3.40209 0.212537 0.00755017
0.332 3.40314 0.211192 0.00750236
0.331 3.40419 0.209855 0.00745487
0.33 3.40525 0.208527 0.0074077
0.329 3.40631 0.207208 0.00736084
0.328 3.40737 0.205897 0.00731429
0.327 3.40843 0.204596 0.00726805
0.326 3.4095 0.203302 0.00722211
0.325 3.41057 0.202018 0.00717648
0.324 3.41164 0.200742 0.00713115
0.323 3.41271 0.199474 0.00708612
0.322 3.41379 0.198215 0.00704138
0.321 3.41487 0.196964 0.00699694
0.32 3.41595 0.195721 0.00695279
0.319 3.41703 0.194486 0.00690893
0.318 3.41812 0.19326 0.00686536
0.317 3.41921 0.192041 0.00682207
0.316 3.4203 0.190831 0.00677906
0.315 3.4214 0.189628 0.00673633
0.314 3.42249 0.188433 0.00669388
0.313 3.4236 0.187246 0.00665171
0.312 3.4247 0.186066 0.00660981
0.311 3.42581 0.184894 0.00656818
0.31 3.42691 0.18373 0.00652682
0.309 3.42803 0.182573 0.00648573
0.308 3.42914 0.181424 0.0064449
0.307 3.43026 0.180282 0.00640434
0.306 3.43138 0.179148 0.00636403
0.305 3.43251 0.17802 0.00632399
0.304 3.43363 0.1769 0.0062842
0.303 3.43476 0.175787 0.00624466
0.302 3.4359 0.174681 0.00620538
0.301 3.43703 0.173583 0.00616634
0.3 3.43817 0.172491 0.00612756
0.299 3.43932 0.171406 0.00608902
0.298 3.44046 0.170328 0.00605072
0.297 3.44161 0.169257 0.00601267
0.296 3.44276 0.168192 0.00597485
0.295 3.44392 0.167134 0.00593728
0.294 3.44508 0.166083 0.00589994
0.293 3.44624 0.165039 0.00586284
0.292 3.44741 0.164001 0.00582596
0.291 3.44858 0.162969 0.00578932
0.29 3.44975 0.161944 0.00575291
0.289 3.45093 0.160926 0.00571672
0.288 3.45211 0.159913 0.00568076
0.287 3.45329 0.158907 0.00564502
0.286 3.45448 0.157908 0.0056095
0.285 3.45567 0.156914 0.00557421
0.284 3.45686 0.155926 0.00553912
0.283 3.45806 0.154945 0.00550426
0.282 3.45927 0.153969 0.00546961
0.281 3.46047 0.153 0.00543517
0.28 3.46168 0.152037 0.00540094
0.279 3.4629 0.151079 0.00536692
0.278 3.46411 0.150127 0.00533311
0.277 3.46534 0.149181 0.00529951
0.276 3.46656 0.148241 0.0052661
0.275 3.46779 0.147306 0.0052329
0.274 3.46903 0.146377 0.0051999
0.273 3.47026 0.145454 0.0051671
0.272 3.47151 0.144536 0.00513449
0.271 3.47275 0.143624 0.00510208
0.27 3.474 0.142717 0.00506987
0.269 3.47526 0.141815 0.00503785
0.268 3.47652 0.140919 0.00500601
0.267 3.47778 0.140028 0.00497437
0.266 3.47905 0.139143 0.00494291
0.265 3.48032 0.138263 0.00491164
0.264 3.4816 0.137388 0.00488055
0.263 3.48288 0.136518 0.00484965
0.262 3.48417 0.135653 0.00481893
0.261 3.48546 0.134793 0.00478838
0.26 3.48676 0.133938 0.00475802
0.259 3.48806 0.133088 0.00472783
0.258 3.48937 0.132244 0.00469782
0.257 3.49068 0.131404 0.00466798
0.256 3.49199 0.130569 0.00463831
0.255 3.49331 0.129738 0.00460882
0.254 3.49464 0.128913 0.00457949
0.253 3.49597 0.128092 0.00455033
0.252 3.49731 0.127276 0.00452134
0.251 3.49865 0.126464 0.00449252
0.25 3.5 0.125657 0.00446385
0.249 3.50135 0.124855 0.00443535
0.248 3.50271 0.124057 0.00440701
0.247 3.50407 0.123264 0.00437883
0.246 3.50544 0.122475 0.00435081
0.245 3.50681 0.121691 0.00432295
0.244 3.5082 0.120911 0.00429524
0.243 3.50958 0.120135 0.00426768
0.242 3.51097 0.119364 0.00424028
0.241 3.51237 0.118597 0.00421303
0.24 3.51378 0.117834 0.00418593
0.239 3.51519 0.117075 0.00415898
0.238 3.5166 0.116321 0.00413218
0.237 3.51802 0.11557 0.00410552
0.236 3.51945 0.114824 0.00407901
0.235 3.52089 0.114082 0.00405264
0.234 3.52233 0.113344 0.00402642
0.233 3.52378 0.11261 0.00400034
0.232 3.52523 0.111879 0.0039744
0.231 3.52669 0.111153 0.00394859
0.23 3.52816 0.11043 0.00392293
0.229 3.52964 0.109712 0.0038974
0.228 3.53112 0.108997 0.00387201
0.227 3.53261 0.108286 0.00384675
0.226 3.5341 0.107579 0.00382163
0.225 3.53561 0.106875 0.00379663
0.224 3.53712 0.106175 0.00377177
0.223 3.53863 0.105479 0.00374704
0.222 3.54016 0.104787 0.00372243
0.221 3.54169 0.104098 0.00369796
0.22 3.54323 0.103412 0.00367361
0.219 3.54478 0.10273 0.00364938
0.218 3.54634 0.102052 0.00362528
0.217 3.5479 0.101377 0.00360131
0.216 3.54947 0.100705 0.00357745
0.215 3.55105 0.100037 0.00355372
0.214 3.55264 0.0993724 0.0035301
0.213 3.55424 0.0987111 0.00350661
0.212 3.55584 0.098053 0.00348323
0.211 3.55746 0.0973982 0.00345997
0.21 3.55908 0.0967467 0.00343683
0.209 3.56071 0.0960983 0.0034138
0.208 3.56235 0.0954532 0.00339088
0.207 3.564 0.0948113 0.00336807
0.206 3.56566 0.0941725 0.00334538
0.205 3.56733 0.0935368 0.0033228
0.204 3.56901 0.0929042 0.00330033
0.203 3.57069 0.0922747 0.00327796
0.202 3.57239 0.0916482 0.00325571
0.201 3.5741 0.0910247 0.00323356
0.2 3.57581 0.0904042 0.00321152
0.199 3.57754 0.0897866 0.00318958
0.198 3.57928 0.0891719 0.00316774
0.197 3.58103 0.0885602 0.00314601
0.196 3.58279 0.0879513 0.00312438
0.195 3.58455 0.0873452 0.00310285
0.194 3.58633 0.086742 0.00308142
0.193 3.58813 0.0861416 0.00306009
0.192 3.58993 0.0855439 0.00303886
0.191 3.59174 0.084949 0.00301773
0.19 3.59357 0.0843568 0.00299669
0.189 3.5954 0.0837672 0.00297575
0.188 3.59725 0.0831804 0.0029549
0.187 3.59911 0.0825961 0.00293414
0.186 3.60099 0.0820145 0.00291348
0.185 3.60287 0.0814355 0.00289291
0.184 3.60477 0.0808591 0.00287244
0.183 3.60668 0.0802852 0.00285205
0.182 3.60861 0.0797138 0.00283175
0.181 3.61054 0.0791449 0.00281154
0.18 3.6125 0.0785785 0.00279142
0.179 3.61446 0.0780145 0.00277139
0.178 3.61644 0.077453 0.00275144
0.177 3.61843 0.0768938 0.00273157
0.176 3.62044 0.0763371 0.0027118
0.175 3.62246 0.0757826 0.0026921
0.174 3.6245 0.0752306 0.00267249
0.173 3.62655 0.0746808 0.00265296
0.172 3.62861 0.0741333 0.00263351
0.171 3.63069 0.0735881 0.00261414
0.17 3.63279 0.0730452 0.00259485
0.169 3.63491 0.0725044 0.00257565
0.168 3.63704 0.0719659 0.00255651
0.167 3.63918 0.0714295 0.00253746
0.166 3.64135 0.0708953 0.00251848
0.165 3.64353 0.0703632 0.00249958
0.164 3.64572 0.0698333 0.00248076
0.163 3.64794 0.0693054 0.002462
0.162 3.65017 0.0687796 0.00244333
0.161 3.65242 0.0682559 0.00242472
0.16 3.65469 0.0677342 0.00240619
0.159 3.65698 0.0672145 0.00238772
0.158 3.65929 0.0666967 0.00236933
0.157 3.66162 0.066181 0.00235101
0.156 3.66397 0.0656672 0.00233276
0.155 3.66634 0.0651554 0.00231458
0.154 3.66873 0.0646454 0.00229646
0.153 3.67114 0.0641373 0.00227841
0.152 3.67357 0.0636311 0.00226043
0.151 3.67602 0.0631268 0.00224252
0.15 3.6785 0.0626243 0.00222466
0.149 3.68099 0.0621236 0.00220688
0.148 3.68352 0.0616247 0.00218915
0.147 3.68606 0.0611275 0.00217149
0.146 3.68863 0.0606322 0.0021539
0.145 3.69122 0.0601385 0.00213636
0.144 3.69384 0.0596466 0.00211888
0.143 3.69648 0.0591563 0.00210147
0.142 3.69915 0.0586678 0.00208411
0.141 3.70185 0.0581809 0.00206682
0.14 3.70457 0.0576956 0.00204958
0.139 3.70732 0.057212 0.0020324
0.138 3.7101 0.05673 0.00201527
0.137 3.7129 0.0562495 0.00199821
0.136 3.71574 0.0557707 0.0019812
0.135 3.7186 0.0552933 0.00196424
0.134 3.72149 0.0548175 0.00194734
0.133 3.72442 0.0543433 0.00193049
0.132 3.72738 0.0538705 0.00191369
0.131 3.73036 0.0533992 0.00189695
0.13 3.73339 0.0529294 0.00188026
0.129 3.73644 0.052461 0.00186362
0.128 3.73953 0.051994 0.00184703
0.127 3.74265 0.0515284 0.0018305
0.126 3.74581 0.0510643 0.00181401
0.125 3.74901 0.0506015 0.00179757
0.124 3.75224 0.0501401 0.00178117
0.123 3.75551 0.04968 0.00176483
0.122 3.75882 0.0492212 0.00174853
0.121 3.76217 0.0487638 0.00173228
0.12 3.76556 0.0483076 0.00171608
0.119 3.76899 0.0478527 0.00169992
0.118 3.77247 0.0473991 0.0016838
0.117 3.77598 0.0469467 0.00166773
0.116 3.77954 0.0464956 0.00165171
0.115 3.78315 0.0460456 0.00163572
0.114 3.7868 0.0455969 0.00161978
0.113 3.79051 0.0451493 0.00160388
0.112 3.79425 0.0447029 0.00158802
0.111 3.79805 0.0442576 0.00157221
0.11 3.8019 0.0438135 0.00155643
0.109 3.80581 0.0433704 0.00154069
0.108 3.80976 0.0429285 0.00152499
0.107 3.81377 0.0424877 0.00150933
0.106 3.81784 0.0420479 0.00149371
0.105 3.82197 0.0416091 0.00147812
0.104 3.82615 0.0411715 0.00146257
0.103 3.83039 0.0407348 0.00144706
0.102 3.8347 0.0402991 0.00143158
0.101 3.83907 0.0398644 0.00141614
0.1 3.8435 0.0394307 0.00140074
0.099 3.84801 0.038998 0.00138536
0.098 3.85258 0.0385662 0.00137003
0.097 3.85722 0.0381354 0.00135472
0.096 3.86193 0.0377054 0.00133945
0.095 3.86672 0.0372764 0.00132421
0.094 3.87159 0.0368482 0.001309
0.093 3.87653 0.0364209 0.00129382
0.092 3.88156 0.0359945 0.00127867
0.091 3.88666 0.035569 0.00126355
0.09 3.89186 0.0351442 0.00124846
0.089 3.89714 0.0347203 0.0012334
0.088 3.90251 0.0342972 0.00121837
0.087 3.90797 0.0338749 0.00120337
0.086 3.91353 0.0334533 0.0011884
0.085 3.91919 0.0330326 0.00117345
0.084 3.92495 0.0326125 0.00115853
0.083 3.93081 0.0321933 0.00114363
0.082 3.93678 0.0317747 0.00112876
0.081 3.94286 0.0313569 0.00111392
0.08 3.94906 0.0309398 0.0010991
0.079 3.95537 0.0305233 0.00108431
0.078 3.9618 0.0301076 0.00106954
0.077 3.96836 0.0296925 0.0010548
0.076 3.97505 0.0292781 0.00104007
0.075 3.98187 0.0288643 0.00102537
0.074 3.98882 0.0284511 0.0010107
0.073 3.99592 0.0280386 0.000996044
0.072 4.00317 0.0276268 0.000981412
0.071 4.01056 0.0272155 0.000966802
0.07 4.01811 0.0268048 0.000952213
0.069 4.02582 0.0263947 0.000937646
0.068 4.0337 0.0259852 0.000923099
0.067 4.04175 0.0255763 0.000908573
0.066 4.04998 0.025168 0.000894067
0.065 4.05838 0.0247602 0.000879581
0.064 4.06698 0.024353 0.000865115
0.063 4.07578 0.0239463 0.000850669
0.062 4.08477 0.0235402 0.000836242
0.061 4.09398 0.0231346 0.000821835
0.06 4.1034 0.0227296 0.000807447
0.059 4.11304 0.0223252 0.000793078
0.058 4.12291 0.0219212 0.000778729
0.057 4.13302 0.0215178 0.000764399
0.056 4.14338 0.021115 0.000750089
0.055 4.15399 0.0207127 0.000735797
0.054 4.16486 0.0203109 0.000721526
0.053 4.176 0.0199098 0.000707274
0.052 4.18742 0.0195091 0.000693042
0.051 4.19912 0.0191091 0.00067883
0.05 4.21111 0.0187096 0.000664639
0.049 4.2234 0.0183107 0.000650469
0.048 4.236 0.0179124 0.000636321
0.047 4.24891 0.0175148 0.000622194
0.046 4.26214 0.0171178 0.000608091
0.045 4.27569 0.0167214 0.000594011
0.044 4.28956 0.0163258 0.000579956
0.043 4.30375 0.0159308 0.000565926
0.042 4.31826 0.0155367 0.000551924
0.041 4.33308 0.0151433 0.000537949
0.04 4.34821 0.0147507 0.000524005
0.039 4.36362 0.0143591 0.000510092
0.038 4.37928 0.0139684 0.000496213
0.037 4.39516 0.0135787 0.000482371
0.036 4.41122 0.0131902 0.000468567
0.035 4.42834 0.0128016 0.000454762
0.034 4.44702 0.0124124 0.000440938
0.033 4.46627 0.0120241 0.000427144
0.032 4.48612 0.0116367 0.000413381
0.031 4.5066 0.0112501 0.000399649
0.03 4.52776 0.0108645 0.000385951
0.029 4.54965 0.0104798 0.000372285
0.028 4.5723 0.0100961 0.000358653
0.027 4.59579 0.00971332 0.000345056
0.026 4.62017 0.00933156 0.000331494
0.025 4.64552 0.00895084 0.000317969
0.024 4.67191 0.00857118 0.000304482
0.023 4.69943 0.00819261 0.000291034
0.022 4.72818 0.00781519 0.000277626
0.021 4.75828 0.00743893 0.00026426
0.02 4.78986 0.00706389 0.000250937
0.019 4.82308 0.00669011 0.000237659
0.018 4.8581 0.00631764 0.000224428
0.017 4.89514 0.00594655 0.000211245
0.016 4.93444 0.0055769 0.000198114
0.015 4.9763 0.00520875 0.000185035
0.014 5.02106 0.00484219 0.000172014
0.013 5.06917 0.0044773 0.000159052
0.012 5.12116 0.00411419 0.000146153
0.011 5.1777 0.00375298 0.000133321
0.01 5.23967 0.00339381 0.000120562
0.009 5.30821 0.00303684 0.00010788
0.008 5.38489 0.00268226 9.52844e-05
0.007 5.47189 0.00233032 8.27822e-05
0.006 5.5724 0.00198132 7.03844e-05
0.005 5.69138 0.00163567 5.81055e-05
0.004 5.83716 0.00129391 4.59648e-05
0.003 6.02534 0.000956843 3.39909e-05
0.002 6.29099 0.00062578 2.22302e-05
0.001 6.74617 0.000303325 1.07753e-05
