#1:lambda	2:ipr2	3:lambda_err	4:ipr2_err
5.381062e-03	4.318290e-02	2.134014e-04	9.540720e-03
8.054551e-03	4.714764e-02	2.575032e-04	5.214238e-03
1.098928e-02	5.607603e-02	1.030487e-04	5.427825e-03
1.404657e-02	5.260953e-02	6.815510e-05	3.115727e-03
1.707051e-02	5.527236e-02	1.048199e-04	3.050838e-03
1.995096e-02	6.229851e-02	7.558272e-05	3.894160e-03
2.293441e-02	6.651818e-02	6.370088e-05	3.378608e-03
2.585621e-02	7.914168e-02	5.455189e-05	4.813822e-03
2.886203e-02	7.728798e-02	9.441405e-05	2.828243e-03
3.169770e-02	8.673318e-02	6.783088e-05	3.660935e-03
3.471394e-02	9.571288e-02	5.333560e-05	2.560176e-03
3.764076e-02	1.051213e-01	4.432557e-05	2.763169e-03
4.061096e-02	1.096702e-01	4.669626e-05	4.317913e-03
4.355177e-02	1.149912e-01	2.789268e-05	3.292214e-03
4.655979e-02	1.221157e-01	2.834608e-05	4.077461e-03
4.950845e-02	1.269093e-01	5.419435e-05	2.298699e-03
5.248965e-02	1.326259e-01	4.223776e-05	2.748925e-03
5.540220e-02	1.376415e-01	4.409068e-05	4.010579e-03
5.838739e-02	1.435059e-01	2.856456e-05	2.836235e-03
6.129658e-02	1.496513e-01	5.220028e-05	3.212875e-03
6.430462e-02	1.546181e-01	2.450624e-05	2.925689e-03
6.720970e-02	1.605820e-01	1.896909e-05	3.172503e-03
7.013898e-02	1.657325e-01	3.423449e-05	3.624640e-03
7.315300e-02	1.711158e-01	3.828616e-05	3.085540e-03
7.610644e-02	1.756251e-01	2.705978e-05	3.407395e-03
7.904087e-02	1.808875e-01	2.107252e-05	3.490528e-03
8.204774e-02	1.839543e-01	1.561153e-05	3.226278e-03
8.502509e-02	1.879492e-01	2.005600e-05	3.056765e-03
8.798745e-02	1.939268e-01	2.607496e-05	2.861062e-03
9.089355e-02	1.987380e-01	3.833600e-05	3.849974e-03
9.384656e-02	2.040298e-01	2.203007e-05	2.952613e-03
9.688667e-02	2.067456e-01	3.089758e-05	2.982603e-03
9.984232e-02	2.165378e-01	2.359823e-05	2.662634e-03
1.027646e-01	2.182176e-01	2.250465e-05	2.217365e-03
1.057333e-01	2.192231e-01	3.052834e-05	1.881226e-03
1.087061e-01	2.255383e-01	2.213246e-05	2.045509e-03
1.116017e-01	2.292077e-01	2.454309e-05	2.077832e-03
1.145998e-01	2.344042e-01	2.436587e-05	2.198183e-03
1.175338e-01	2.405722e-01	1.517732e-05	2.697260e-03
1.205095e-01	2.432368e-01	1.922450e-05	2.024565e-03
1.234902e-01	2.468153e-01	1.180586e-05	2.049126e-03
1.264597e-01	2.500823e-01	2.821508e-05	2.511406e-03
1.294275e-01	2.514938e-01	3.362850e-05	2.240200e-03
1.323440e-01	2.580712e-01	2.069681e-05	2.126350e-03
1.353476e-01	2.630670e-01	8.537401e-06	2.080410e-03
1.382900e-01	2.672744e-01	1.487724e-05	1.914177e-03
1.412047e-01	2.702774e-01	2.507564e-05	1.937116e-03
1.441850e-01	2.743454e-01	2.128659e-05	2.389645e-03
1.471331e-01	2.791588e-01	1.760048e-05	2.342262e-03
1.500994e-01	2.816074e-01	1.674358e-05	1.744168e-03
1.530829e-01	2.888676e-01	9.305873e-06	2.170320e-03
1.560609e-01	2.926134e-01	2.005068e-05	1.618146e-03
1.590150e-01	2.957851e-01	1.133377e-05	2.389386e-03
1.619520e-01	2.977741e-01	1.176852e-05	2.452137e-03
1.649322e-01	3.034205e-01	1.535272e-05	2.430858e-03
1.678693e-01	3.053766e-01	2.055115e-05	2.515175e-03
1.708408e-01	3.087652e-01	1.478671e-05	1.843577e-03
1.738070e-01	3.140981e-01	1.586766e-05	1.082511e-03
1.767401e-01	3.180329e-01	8.099476e-06	1.684522e-03
1.797129e-01	3.216975e-01	1.328126e-05	1.822682e-03
1.826525e-01	3.253334e-01	1.948918e-05	1.814931e-03
1.856225e-01	3.288893e-01	1.241695e-05	2.027438e-03
1.885978e-01	3.335149e-01	2.027129e-05	1.771693e-03
1.915658e-01	3.379369e-01	1.275484e-05	1.954354e-03
1.944810e-01	3.397531e-01	1.863348e-05	1.472014e-03
1.974750e-01	3.426622e-01	1.502456e-05	1.714658e-03
2.004551e-01	3.476287e-01	7.136885e-06	1.364901e-03
2.033842e-01	3.524175e-01	1.324317e-05	1.538509e-03
2.063471e-01	3.537403e-01	1.125170e-05	1.496080e-03
2.093001e-01	3.580180e-01	8.559535e-06	1.729988e-03
2.122682e-01	3.601162e-01	7.278098e-06	1.166471e-03
2.152389e-01	3.634276e-01	1.471649e-05	1.348394e-03
2.181790e-01	3.669820e-01	1.732357e-05	1.222874e-03
2.211407e-01	3.696745e-01	1.454861e-05	1.747275e-03
2.240952e-01	3.722209e-01	1.409524e-05	1.167973e-03
2.270736e-01	3.753416e-01	9.144999e-06	1.316675e-03
2.300552e-01	3.789745e-01	1.438319e-05	1.390615e-03
2.329899e-01	3.841723e-01	9.042903e-06	1.314452e-03
2.359501e-01	3.850606e-01	1.702211e-05	9.679918e-04
2.388986e-01	3.886175e-01	9.649033e-06	1.486870e-03
2.418752e-01	3.920907e-01	1.195229e-05	9.039757e-04
2.448375e-01	3.939763e-01	9.745387e-06	9.529948e-04
2.477905e-01	3.970324e-01	1.608911e-05	7.445002e-04
2.507714e-01	3.988117e-01	7.873547e-06	7.620896e-04
2.536971e-01	4.027271e-01	1.227485e-05	1.007910e-03
2.566749e-01	4.058910e-01	8.806421e-06	8.283882e-04
2.596522e-01	4.069515e-01	8.014383e-06	7.824865e-04
2.626022e-01	4.093905e-01	6.704735e-06	7.866490e-04
2.655617e-01	4.132609e-01	1.064647e-05	8.435734e-04
2.685109e-01	4.160173e-01	1.222324e-05	1.087603e-03
2.714595e-01	4.169117e-01	1.144126e-05	9.142249e-04
2.744269e-01	4.201655e-01	1.398706e-05	9.579321e-04
2.773872e-01	4.222905e-01	1.250023e-05	9.288329e-04
2.803518e-01	4.246480e-01	7.131501e-06	7.203950e-04
2.833175e-01	4.272962e-01	7.724982e-06	1.034114e-03
2.862751e-01	4.300595e-01	1.004572e-05	7.597322e-04
2.892385e-01	4.321608e-01	1.474063e-05	6.865758e-04
2.921833e-01	4.339108e-01	1.331080e-05	5.961944e-04
2.951410e-01	4.368571e-01	7.069085e-06	1.024175e-03
2.980986e-01	4.395375e-01	1.285697e-05	9.038880e-04
3.010519e-01	4.410422e-01	8.442167e-06	9.839659e-04
3.040235e-01	4.428811e-01	9.577945e-06	9.060435e-04
3.070008e-01	4.458523e-01	8.498592e-06	6.299177e-04
3.099581e-01	4.477552e-01	1.092352e-05	7.323130e-04
3.129140e-01	4.500416e-01	1.180778e-05	6.077863e-04
3.158733e-01	4.514073e-01	1.485595e-05	7.257252e-04
3.188209e-01	4.546901e-01	1.303931e-05	5.754684e-04
3.217689e-01	4.553625e-01	9.582117e-06	8.616032e-04
3.247041e-01	4.569773e-01	1.385700e-05	8.014588e-04
3.276877e-01	4.586639e-01	1.408554e-05	5.409780e-04
3.306447e-01	4.596091e-01	2.028638e-05	7.491887e-04
3.334659e-01	4.624741e-01	2.663094e-05	5.558185e-04
3.364316e-01	4.624614e-01	2.283540e-05	7.896527e-04
3.394102e-01	4.632264e-01	4.465845e-05	6.709117e-04
3.423271e-01	4.640881e-01	4.579270e-05	8.513615e-04
3.451612e-01	4.671973e-01	6.244386e-05	1.372762e-03
3.481238e-01	4.668564e-01	7.551473e-05	1.498765e-03
3.510760e-01	4.654900e-01	1.119808e-04	2.878476e-03
