#1:lambda	2:ipr2	3:lambda_err	4:ipr2_err
8.073305e-02	8.007223e-03	3.784151e-04	8.385357e-04
9.962705e-02	6.303866e-03	4.660791e-04	8.672614e-04
1.041475e-01	5.935301e-03	3.147138e-04	7.000109e-04
1.086428e-01	6.032067e-03	3.352749e-04	7.319678e-04
1.138064e-01	5.214672e-03	3.945848e-04	6.309650e-04
1.177278e-01	5.668693e-03	4.309286e-04	4.214952e-04
1.226138e-01	6.147600e-03	4.636809e-04	7.048655e-04
1.267896e-01	6.388299e-03	3.590469e-04	4.469500e-04
1.324448e-01	6.556667e-03	4.193404e-04	1.026017e-03
1.368105e-01	6.388881e-03	1.808879e-04	1.118857e-03
1.414889e-01	6.384634e-03	2.798923e-04	4.292366e-04
1.459994e-01	5.852645e-03	2.046951e-04	4.028935e-04
1.509236e-01	5.107425e-03	2.722175e-04	6.031821e-04
1.552567e-01	7.576590e-03	2.843417e-04	5.709827e-04
1.598194e-01	6.767596e-03	2.181161e-04	7.408980e-04
1.646605e-01	8.104543e-03	1.822937e-04	1.020572e-03
1.692049e-01	6.058969e-03	2.616413e-04	7.723450e-04
1.738874e-01	5.892124e-03	1.900564e-04	4.400962e-04
1.786575e-01	7.324961e-03	1.564542e-04	5.859514e-04
1.835497e-01	6.995382e-03	1.610378e-04	8.205657e-04
1.878168e-01	6.758372e-03	1.282703e-04	5.051086e-04
1.924103e-01	7.435603e-03	2.724296e-04	6.602213e-04
1.973637e-01	6.389150e-03	2.024279e-04	5.772758e-04
2.018456e-01	7.467243e-03	2.066753e-04	6.112830e-04
2.064521e-01	8.999360e-03	1.574827e-04	3.465048e-04
2.108348e-01	9.362183e-03	1.748943e-04	7.298058e-04
2.156757e-01	1.018133e-02	1.665377e-04	7.027676e-04
2.203834e-01	1.017451e-02	1.801676e-04	8.641706e-04
2.248228e-01	1.174978e-02	1.334241e-04	1.083772e-03
2.292086e-01	1.085690e-02	2.153181e-04	6.988980e-04
2.342240e-01	1.114655e-02	1.440397e-04	6.724639e-04
2.387970e-01	1.220782e-02	1.757143e-04	7.620111e-04
2.435380e-01	1.090713e-02	9.479806e-05	4.391562e-04
2.483274e-01	1.296064e-02	1.216766e-04	7.419156e-04
2.528159e-01	1.597037e-02	6.682691e-05	7.438006e-04
2.574519e-01	1.544680e-02	1.664099e-04	8.255857e-04
2.619263e-01	1.869405e-02	7.852023e-05	1.393495e-03
2.665290e-01	2.172401e-02	9.517963e-05	9.725021e-04
2.712834e-01	2.182171e-02	6.759376e-05	8.946244e-04
2.758541e-01	2.505135e-02	7.134374e-05	1.109456e-03
2.806263e-01	2.614940e-02	6.192408e-05	1.103922e-03
2.852351e-01	2.913504e-02	6.840352e-05	7.082907e-04
2.899954e-01	3.419729e-02	7.935947e-05	6.568507e-04
2.945397e-01	3.474294e-02	6.845449e-05	8.714463e-04
2.991239e-01	4.081494e-02	6.649816e-05	1.198985e-03
3.036947e-01	4.518036e-02	5.401620e-05	1.447456e-03
3.084218e-01	5.135063e-02	7.763326e-05	1.332945e-03
3.131093e-01	5.790817e-02	4.423824e-05	2.036650e-03
3.175353e-01	6.532154e-02	5.592214e-05	1.921788e-03
3.222942e-01	7.111390e-02	7.053422e-05	2.201231e-03
3.269958e-01	8.246004e-02	2.685423e-05	2.276411e-03
3.315389e-01	9.408813e-02	6.225933e-05	1.986462e-03
3.361745e-01	1.075102e-01	3.721410e-05	2.278974e-03
3.408465e-01	1.172930e-01	3.619491e-05	1.478084e-03
3.454767e-01	1.342637e-01	3.263575e-05	2.728545e-03
3.501320e-01	1.486201e-01	2.663588e-05	3.466165e-03
3.547077e-01	1.611365e-01	3.463083e-05	1.868972e-03
3.593780e-01	1.778671e-01	3.018699e-05	2.476444e-03
3.640204e-01	1.930570e-01	1.997236e-05	1.523007e-03
3.686776e-01	2.097831e-01	2.026230e-05	1.826371e-03
3.732803e-01	2.278425e-01	2.479653e-05	2.706136e-03
3.779600e-01	2.456849e-01	1.600001e-05	1.971193e-03
3.826160e-01	2.592265e-01	1.237494e-05	2.227944e-03
3.872117e-01	2.767820e-01	1.709591e-05	1.922144e-03
3.918456e-01	2.889535e-01	1.851992e-05	2.178331e-03
3.964867e-01	3.052055e-01	2.107190e-05	1.677426e-03
4.011063e-01	3.210802e-01	1.372423e-05	2.055448e-03
4.057409e-01	3.348843e-01	1.375745e-05	1.357254e-03
4.103971e-01	3.487345e-01	8.702733e-06	1.976459e-03
4.150198e-01	3.614374e-01	1.901540e-05	2.094041e-03
4.196702e-01	3.749330e-01	1.456256e-05	1.789629e-03
4.243200e-01	3.856607e-01	1.292603e-05	1.533109e-03
4.289598e-01	3.975154e-01	1.269019e-05	1.537681e-03
4.335844e-01	4.094850e-01	9.265275e-06	1.879008e-03
4.382386e-01	4.200237e-01	1.266120e-05	1.815906e-03
4.428637e-01	4.299931e-01	1.656453e-05	1.609339e-03
4.474999e-01	4.388038e-01	8.202448e-06	1.654993e-03
4.521337e-01	4.480536e-01	9.358020e-06	1.278081e-03
4.567709e-01	4.561972e-01	1.200661e-05	8.399934e-04
4.614247e-01	4.644919e-01	1.026603e-05	1.006883e-03
4.660373e-01	4.726451e-01	7.543964e-06	1.052254e-03
4.706590e-01	4.795922e-01	8.395150e-06	1.274519e-03
4.753209e-01	4.866935e-01	1.225470e-05	9.862156e-04
4.799527e-01	4.931553e-01	1.070864e-05	7.583818e-04
4.845889e-01	4.983996e-01	1.007813e-05	1.152214e-03
4.892090e-01	5.037416e-01	5.573670e-06	1.094480e-03
4.938441e-01	5.104831e-01	6.318943e-06	8.554059e-04
4.985067e-01	5.149030e-01	1.069621e-05	8.429420e-04
5.031200e-01	5.200238e-01	1.110352e-05	7.202226e-04
5.077677e-01	5.251778e-01	9.542192e-06	9.229362e-04
5.124207e-01	5.296429e-01	1.096144e-05	9.602324e-04
5.170506e-01	5.336540e-01	1.195880e-05	7.231880e-04
5.216622e-01	5.378428e-01	1.235554e-05	8.500278e-04
5.263177e-01	5.415958e-01	9.586624e-06	8.917704e-04
5.309556e-01	5.454982e-01	1.195538e-05	8.784858e-04
5.355953e-01	5.496700e-01	1.396405e-05	7.883901e-04
5.402326e-01	5.527117e-01	8.597631e-06	7.918943e-04
5.448547e-01	5.558508e-01	9.459055e-06	7.359686e-04
5.494973e-01	5.597718e-01	6.262379e-06	6.953767e-04
5.541434e-01	5.623441e-01	9.409414e-06	5.203663e-04
5.587558e-01	5.651912e-01	1.867938e-05	7.242197e-04
5.633431e-01	5.688552e-01	2.487830e-05	5.876157e-04
5.678672e-01	5.711756e-01	2.751829e-05	3.378283e-04
5.721844e-01	5.728515e-01	4.638413e-05	6.652203e-04
5.767030e-01	5.762676e-01	8.555048e-05	7.676609e-04
5.811260e-01	5.793395e-01	1.178651e-04	1.454855e-03
5.853062e-01	5.823742e-01	2.411470e-04	3.456179e-03
