#1:lambda	2:ipr2	3:lambda_err	4:ipr2_err
2.624636e-02	1.035969e-02	2.736268e-04	1.124229e-03
2.877597e-02	1.244886e-02	2.735579e-04	1.052400e-03
3.163962e-02	9.731150e-03	2.896685e-04	1.501578e-03
3.483653e-02	1.101297e-02	1.664568e-04	7.157865e-04
3.807998e-02	1.256226e-02	1.176268e-04	5.617613e-04
4.119340e-02	1.275334e-02	1.032104e-04	1.038112e-03
4.413563e-02	1.156796e-02	1.833375e-04	6.303728e-04
4.711294e-02	1.303605e-02	1.125067e-04	7.790279e-04
5.012810e-02	1.387442e-02	1.025153e-04	4.852247e-04
5.332100e-02	1.197839e-02	1.670522e-04	4.511396e-04
5.631435e-02	1.280114e-02	9.107481e-05	6.683382e-04
5.942419e-02	1.549758e-02	1.163214e-04	6.994499e-04
6.238007e-02	1.336707e-02	6.528108e-05	4.204127e-04
6.552462e-02	1.442902e-02	1.016142e-04	9.147024e-04
6.848153e-02	1.419384e-02	6.740776e-05	7.165556e-04
7.154189e-02	1.372803e-02	7.172556e-05	5.968576e-04
7.453682e-02	1.517388e-02	6.814611e-05	5.426515e-04
7.767204e-02	1.507901e-02	7.376263e-05	7.113133e-04
8.049610e-02	1.556641e-02	6.735334e-05	7.167924e-04
8.366227e-02	1.732181e-02	3.116916e-05	9.190764e-04
8.672580e-02	1.757655e-02	5.875017e-05	8.149879e-04
8.977972e-02	1.624392e-02	6.316906e-05	5.647585e-04
9.283371e-02	1.831340e-02	6.594776e-05	4.432619e-04
9.583394e-02	1.853231e-02	4.149929e-05	9.709068e-04
9.891138e-02	2.097813e-02	7.038532e-05	8.662730e-04
1.020362e-01	2.226455e-02	7.725394e-05	6.527253e-04
1.050399e-01	2.293666e-02	3.416036e-05	7.784303e-04
1.080981e-01	2.536800e-02	4.477785e-05	9.730328e-04
1.111243e-01	2.601133e-02	4.825184e-05	9.709814e-04
1.142013e-01	2.654073e-02	2.769817e-05	8.644345e-04
1.171601e-01	2.935296e-02	3.865339e-05	8.118463e-04
1.202139e-01	3.106797e-02	5.322381e-05	1.012311e-03
1.231725e-01	3.330405e-02	5.053016e-05	1.270511e-03
1.264003e-01	3.265313e-02	6.039899e-05	8.830131e-04
1.294247e-01	3.704144e-02	4.445274e-05	1.484829e-03
1.324168e-01	3.931889e-02	6.832564e-05	1.560019e-03
1.355535e-01	4.211445e-02	3.304391e-05	1.177930e-03
1.385921e-01	4.346929e-02	3.970216e-05	7.916877e-04
1.415923e-01	4.785463e-02	4.475150e-05	1.331553e-03
1.446412e-01	5.235325e-02	3.291804e-05	1.568175e-03
1.477388e-01	5.769302e-02	3.642664e-05	1.385480e-03
1.507240e-01	6.083200e-02	4.072565e-05	1.938846e-03
1.537556e-01	6.619115e-02	5.800807e-05	1.368842e-03
1.568290e-01	6.779471e-02	2.137780e-05	1.836387e-03
1.598971e-01	7.644871e-02	2.722749e-05	2.273123e-03
1.629275e-01	8.012568e-02	3.977619e-05	1.975981e-03
1.659660e-01	8.832391e-02	3.956181e-05	1.175489e-03
1.690247e-01	9.408326e-02	2.357702e-05	2.033109e-03
1.720954e-01	9.851829e-02	2.443149e-05	1.564443e-03
1.751566e-01	1.068725e-01	2.589472e-05	2.458082e-03
1.781722e-01	1.147628e-01	1.352615e-05	1.490436e-03
1.812420e-01	1.243701e-01	2.040596e-05	2.125491e-03
1.842681e-01	1.313506e-01	2.305738e-05	1.990131e-03
1.873233e-01	1.392094e-01	1.393863e-05	3.024209e-03
1.903620e-01	1.488029e-01	2.321862e-05	1.756913e-03
1.933945e-01	1.618508e-01	2.775564e-05	2.307004e-03
1.964868e-01	1.679683e-01	2.046040e-05	3.187683e-03
1.995203e-01	1.788312e-01	1.834737e-05	2.209308e-03
2.025673e-01	1.873242e-01	2.138056e-05	2.903947e-03
2.055976e-01	1.956283e-01	1.960974e-05	2.057442e-03
2.086406e-01	2.106583e-01	1.516170e-05	1.965237e-03
2.116710e-01	2.172805e-01	1.672060e-05	2.482697e-03
2.147532e-01	2.255317e-01	8.458901e-06	1.698665e-03
2.178048e-01	2.374915e-01	1.212427e-05	2.485191e-03
2.208624e-01	2.455019e-01	1.063135e-05	2.214399e-03
2.239040e-01	2.549828e-01	1.208828e-05	2.486012e-03
2.269449e-01	2.606827e-01	1.417519e-05	2.741778e-03
2.299654e-01	2.723180e-01	1.838938e-05	2.470703e-03
2.330396e-01	2.802896e-01	2.172371e-05	2.890918e-03
2.360918e-01	2.892162e-01	1.173555e-05	2.624805e-03
2.391498e-01	2.998808e-01	8.021875e-06	2.248214e-03
2.421916e-01	3.065432e-01	1.004645e-05	2.481295e-03
2.452415e-01	3.182285e-01	1.670795e-05	2.291965e-03
2.482852e-01	3.241824e-01	1.327176e-05	1.823156e-03
2.513089e-01	3.341169e-01	7.664302e-06	2.252896e-03
2.543832e-01	3.405858e-01	1.126083e-05	1.300642e-03
2.574281e-01	3.515392e-01	1.231555e-05	1.402458e-03
2.604561e-01	3.584309e-01	1.436096e-05	1.849908e-03
2.635166e-01	3.668551e-01	6.147767e-06	1.376795e-03
2.665669e-01	3.740006e-01	1.442895e-05	1.413727e-03
2.696082e-01	3.823193e-01	1.214503e-05	1.403865e-03
2.726679e-01	3.889369e-01	9.221865e-06	1.843371e-03
2.757195e-01	3.972761e-01	9.402393e-06	1.112421e-03
2.787553e-01	4.019091e-01	6.716290e-06	1.858066e-03
2.818195e-01	4.089262e-01	1.089785e-05	1.780845e-03
2.848696e-01	4.159137e-01	9.089315e-06	1.759422e-03
2.878928e-01	4.222665e-01	9.113440e-06	1.837610e-03
2.909567e-01	4.295157e-01	8.031640e-06	1.581421e-03
2.939961e-01	4.352287e-01	7.387611e-06	1.133783e-03
2.970331e-01	4.409641e-01	1.022038e-05	1.247844e-03
3.000874e-01	4.470675e-01	7.875164e-06	1.165717e-03
3.031614e-01	4.525896e-01	1.009388e-05	1.149488e-03
3.061912e-01	4.572370e-01	9.649202e-06	1.514663e-03
3.092506e-01	4.622253e-01	7.546229e-06	1.268928e-03
3.122953e-01	4.682614e-01	7.883043e-06	1.063970e-03
3.153393e-01	4.731413e-01	8.459544e-06	1.114582e-03
3.183849e-01	4.780754e-01	7.755704e-06	8.783398e-04
3.214496e-01	4.822258e-01	8.649891e-06	1.060508e-03
3.244786e-01	4.875859e-01	5.727486e-06	1.110698e-03
3.275343e-01	4.919522e-01	8.633518e-06	8.399671e-04
3.305725e-01	4.965622e-01	6.623606e-06	9.232262e-04
3.336245e-01	5.003670e-01	6.030266e-06	7.249640e-04
3.366745e-01	5.042183e-01	8.081904e-06	6.609140e-04
3.397124e-01	5.083082e-01	7.640079e-06	6.220220e-04
3.427472e-01	5.113535e-01	1.251735e-05	6.403707e-04
3.457888e-01	5.149321e-01	1.760047e-05	8.600507e-04
3.487953e-01	5.179617e-01	1.480080e-05	9.411534e-04
3.518143e-01	5.206802e-01	2.361736e-05	1.064723e-03
3.547513e-01	5.218356e-01	4.362253e-05	8.736153e-04
3.577556e-01	5.240459e-01	2.297980e-05	9.271178e-04
3.607432e-01	5.248916e-01	3.977283e-05	1.854324e-03
3.637157e-01	5.197889e-01	7.641686e-05	1.879568e-03
3.665769e-01	5.287079e-01	1.639693e-04	1.970922e-03
