#1:lambda	2:ipr2	3:lambda_err	4:ipr2_err
8.951831e-03	5.221099e-02	1.825075e-04	5.533481e-03
1.187592e-02	5.106068e-02	8.603800e-05	2.711665e-03
1.466412e-02	5.328765e-02	1.031982e-04	3.171554e-03
1.766891e-02	5.874937e-02	8.230084e-05	3.203334e-03
2.084165e-02	6.115989e-02	4.788857e-05	2.749839e-03
2.372596e-02	7.509690e-02	6.786374e-05	3.319739e-03
2.664808e-02	7.330490e-02	5.553025e-05	1.808525e-03
2.985456e-02	8.153004e-02	7.446812e-05	2.754266e-03
3.277425e-02	8.972504e-02	6.778128e-05	2.139647e-03
3.586706e-02	9.320222e-02	6.332913e-05	2.529978e-03
3.895867e-02	9.893496e-02	4.264279e-05	2.154423e-03
4.192690e-02	1.041166e-01	5.660099e-05	2.826477e-03
4.492381e-02	1.090260e-01	5.395277e-05	3.209253e-03
4.785657e-02	1.134092e-01	4.773452e-05	3.554349e-03
5.086495e-02	1.243150e-01	4.016231e-05	3.779173e-03
5.400939e-02	1.316061e-01	2.769012e-05	2.328357e-03
5.706155e-02	1.373990e-01	3.686784e-05	1.798735e-03
6.002664e-02	1.415970e-01	2.069129e-05	2.552780e-03
6.307520e-02	1.508389e-01	3.845987e-05	2.298674e-03
6.605099e-02	1.535307e-01	2.006647e-05	2.984752e-03
6.910970e-02	1.611832e-01	3.045546e-05	1.879467e-03
7.209234e-02	1.654048e-01	3.415847e-05	2.995469e-03
7.508575e-02	1.703606e-01	2.843571e-05	3.286165e-03
7.814516e-02	1.735719e-01	3.368539e-05	3.103564e-03
8.117148e-02	1.775893e-01	3.334596e-05	3.163719e-03
8.411315e-02	1.830773e-01	3.448406e-05	3.073093e-03
8.722625e-02	1.870291e-01	3.013559e-05	2.549796e-03
9.024771e-02	1.974560e-01	2.977664e-05	2.385179e-03
9.328575e-02	1.974595e-01	1.615134e-05	2.731230e-03
9.627280e-02	2.032535e-01	2.538705e-05	3.263237e-03
9.931270e-02	2.063297e-01	2.499836e-05	2.200232e-03
1.023317e-01	2.116661e-01	2.283518e-05	1.806889e-03
1.053321e-01	2.168567e-01	2.542215e-05	3.000910e-03
1.084044e-01	2.196690e-01	1.740838e-05	2.402704e-03
1.113685e-01	2.286044e-01	3.187826e-05	2.710316e-03
1.144006e-01	2.303125e-01	2.365094e-05	2.613858e-03
1.174169e-01	2.372447e-01	2.065083e-05	2.576752e-03
1.204231e-01	2.384417e-01	2.070589e-05	3.725563e-03
1.234827e-01	2.404235e-01	1.362454e-05	2.826029e-03
1.264911e-01	2.468588e-01	1.241370e-05	3.200302e-03
1.295048e-01	2.497516e-01	1.834224e-05	3.620395e-03
1.325500e-01	2.555693e-01	2.483872e-05	2.540766e-03
1.355319e-01	2.586112e-01	1.492932e-05	2.269952e-03
1.385910e-01	2.617475e-01	1.091929e-05	1.971516e-03
1.416083e-01	2.659922e-01	2.197600e-05	1.709103e-03
1.446375e-01	2.710619e-01	2.064818e-05	1.684141e-03
1.476618e-01	2.729092e-01	1.742870e-05	2.357227e-03
1.506824e-01	2.779959e-01	1.207651e-05	1.837266e-03
1.536891e-01	2.830468e-01	9.413786e-06	2.178742e-03
1.567161e-01	2.887188e-01	2.203456e-05	2.259619e-03
1.597257e-01	2.931789e-01	2.213366e-05	1.992367e-03
1.627532e-01	2.943197e-01	1.505439e-05	1.622424e-03
1.657940e-01	2.988765e-01	1.157456e-05	2.006531e-03
1.688124e-01	3.039375e-01	1.910956e-05	1.776720e-03
1.718451e-01	3.063597e-01	9.564065e-06	9.435278e-04
1.748572e-01	3.111620e-01	1.678658e-05	1.725453e-03
1.778673e-01	3.153316e-01	1.995469e-05	1.146415e-03
1.808712e-01	3.175170e-01	2.036843e-05	1.408316e-03
1.839054e-01	3.230793e-01	1.644690e-05	1.763853e-03
1.869397e-01	3.245022e-01	2.096850e-05	1.976969e-03
1.899510e-01	3.320401e-01	1.714590e-05	1.693643e-03
1.929803e-01	3.340577e-01	8.699165e-06	1.441697e-03
1.960206e-01	3.372076e-01	1.510855e-05	1.078785e-03
1.990455e-01	3.406002e-01	1.005911e-05	1.678714e-03
2.020233e-01	3.435614e-01	1.721659e-05	1.093719e-03
2.050738e-01	3.474992e-01	1.619055e-05	1.566393e-03
2.080986e-01	3.507963e-01	1.362389e-05	1.101676e-03
2.111435e-01	3.547800e-01	1.763250e-05	1.246165e-03
2.141644e-01	3.571630e-01	1.662915e-05	8.728577e-04
2.171729e-01	3.601016e-01	1.590791e-05	1.599750e-03
2.202141e-01	3.643516e-01	1.633276e-05	1.279570e-03
2.232445e-01	3.687174e-01	1.576534e-05	1.618648e-03
2.262574e-01	3.711534e-01	1.402066e-05	1.462099e-03
2.292593e-01	3.744074e-01	1.207097e-05	1.916294e-03
2.322822e-01	3.773717e-01	1.557774e-05	1.399358e-03
2.353169e-01	3.800795e-01	1.125218e-05	1.247852e-03
2.383271e-01	3.814769e-01	1.052578e-05	1.546445e-03
2.413556e-01	3.857419e-01	9.463781e-06	1.145457e-03
2.443767e-01	3.887599e-01	1.454243e-05	1.458075e-03
2.473969e-01	3.924934e-01	1.033398e-05	1.096382e-03
2.504085e-01	3.954375e-01	1.496200e-05	1.329534e-03
2.534414e-01	3.974171e-01	1.356383e-05	9.278940e-04
2.564637e-01	4.008114e-01	1.451286e-05	1.023343e-03
2.594687e-01	4.038447e-01	1.265301e-05	1.094838e-03
2.624891e-01	4.061630e-01	1.301898e-05	9.364611e-04
2.655138e-01	4.080966e-01	7.424299e-06	1.552288e-03
2.685412e-01	4.116136e-01	1.247547e-05	1.092853e-03
2.715610e-01	4.133910e-01	1.420325e-05	1.126584e-03
2.745860e-01	4.163848e-01	1.151068e-05	1.347450e-03
2.776007e-01	4.189598e-01	1.249948e-05	1.215731e-03
2.806407e-01	4.220003e-01	1.433872e-05	1.043928e-03
2.836381e-01	4.234881e-01	9.037059e-06	9.292828e-04
2.866745e-01	4.266323e-01	5.711449e-06	9.539586e-04
2.897029e-01	4.285009e-01	1.192315e-05	9.256377e-04
2.927330e-01	4.315512e-01	1.073546e-05	5.539973e-04
2.957576e-01	4.326088e-01	1.182009e-05	1.142844e-03
2.987732e-01	4.350849e-01	1.518009e-05	8.843791e-04
3.017882e-01	4.373189e-01	1.219104e-05	5.008226e-04
3.047937e-01	4.397064e-01	1.001399e-05	6.016891e-04
3.078393e-01	4.426279e-01	1.004507e-05	5.175921e-04
3.108629e-01	4.445794e-01	1.046691e-05	4.830464e-04
3.138877e-01	4.466666e-01	1.000535e-05	4.899615e-04
3.168987e-01	4.491648e-01	9.004293e-06	5.202137e-04
3.199324e-01	4.517320e-01	9.359427e-06	8.888319e-04
3.229575e-01	4.529279e-01	9.974755e-06	4.776389e-04
3.259641e-01	4.553127e-01	1.114428e-05	6.309638e-04
3.289571e-01	4.571886e-01	1.560794e-05	4.185595e-04
3.319250e-01	4.581014e-01	2.128324e-05	4.564774e-04
3.349863e-01	4.598272e-01	2.203909e-05	5.948237e-04
3.379777e-01	4.610526e-01	2.950730e-05	4.427325e-04
3.409468e-01	4.612530e-01	2.822177e-05	8.523146e-04
3.438538e-01	4.618364e-01	4.642262e-05	7.352397e-04
3.467958e-01	4.636441e-01	4.784224e-05	1.339475e-03
3.499591e-01	4.646437e-01	6.476083e-05	2.114632e-03
3.528379e-01	4.654196e-01	1.161941e-04	2.593397e-03
3.556663e-01	4.686217e-01	1.687162e-04	2.055230e-03
