#1:lambda	2:ipr2	3:lambda_err	4:ipr2_err
5.836560e-02	7.948146e-03	2.980333e-04	1.011846e-03
6.624024e-02	7.935679e-03	3.223508e-04	9.030567e-04
7.083399e-02	7.829624e-03	3.521947e-04	1.082072e-03
7.440504e-02	8.218933e-03	2.653433e-04	9.163278e-04
7.875804e-02	8.733937e-03	3.052741e-04	1.210105e-03
8.242922e-02	8.034944e-03	2.833928e-04	6.104682e-04
8.634175e-02	8.006492e-03	2.635247e-04	5.563350e-04
9.040098e-02	8.103609e-03	3.007125e-04	7.383615e-04
9.481981e-02	7.455782e-03	1.983964e-04	6.096247e-04
9.834527e-02	7.781955e-03	2.997239e-04	4.104596e-04
1.025289e-01	7.785805e-03	1.379605e-04	6.500306e-04
1.061931e-01	8.345375e-03	2.381958e-04	4.917769e-04
1.103902e-01	7.319040e-03	1.062691e-04	8.291072e-04
1.147658e-01	8.258550e-03	9.032467e-05	6.265101e-04
1.185417e-01	8.027600e-03	1.976099e-04	7.911853e-04
1.225135e-01	7.829518e-03	1.198691e-04	5.019677e-04
1.265273e-01	8.127623e-03	1.456579e-04	8.425410e-04
1.304839e-01	8.590503e-03	1.599844e-04	7.813381e-04
1.341294e-01	8.601748e-03	1.296123e-04	5.154799e-04
1.385858e-01	9.310866e-03	1.597762e-04	8.413611e-04
1.424275e-01	8.722725e-03	1.467153e-04	5.314979e-04
1.467219e-01	9.627258e-03	1.339050e-04	7.567201e-04
1.502546e-01	9.701218e-03	1.532112e-04	8.163614e-04
1.545395e-01	9.853341e-03	1.216230e-04	6.741411e-04
1.581645e-01	9.854536e-03	1.552535e-04	6.316583e-04
1.623802e-01	9.531407e-03	6.758232e-05	6.980874e-04
1.661086e-01	1.020828e-02	1.738324e-04	6.544526e-04
1.703749e-01	1.114707e-02	1.070981e-04	8.460131e-04
1.741897e-01	1.124471e-02	1.150489e-04	4.398065e-04
1.781963e-01	1.229109e-02	8.284843e-05	8.700181e-04
1.824459e-01	1.316732e-02	7.746271e-05	1.084348e-03
1.863614e-01	1.486822e-02	7.911384e-05	8.877078e-04
1.900932e-01	1.507820e-02	6.999668e-05	8.973066e-04
1.942188e-01	1.576458e-02	8.814053e-05	1.018615e-03
1.981688e-01	1.751599e-02	9.197982e-05	9.635302e-04
2.024325e-01	1.696135e-02	5.834533e-05	9.225136e-04
2.062328e-01	1.917570e-02	8.972371e-05	5.830051e-04
2.102039e-01	2.144411e-02	7.283129e-05	6.315047e-04
2.143797e-01	2.199166e-02	4.999258e-05	1.220530e-03
2.183372e-01	2.492891e-02	6.728131e-05	6.761643e-04
2.221833e-01	2.623480e-02	7.208764e-05	9.661515e-04
2.262425e-01	2.859584e-02	8.382288e-05	1.495274e-03
2.302293e-01	2.953539e-02	9.456328e-05	1.224270e-03
2.342448e-01	3.247196e-02	3.678712e-05	8.815658e-04
2.381469e-01	3.879078e-02	5.553030e-05	1.825873e-03
2.421938e-01	4.114182e-02	4.815877e-05	1.614371e-03
2.460668e-01	4.494651e-02	5.495465e-05	1.112358e-03
2.501416e-01	5.089128e-02	7.697780e-05	1.802234e-03
2.541010e-01	5.515421e-02	5.128257e-05	1.194315e-03
2.581200e-01	6.434047e-02	2.888597e-05	1.572219e-03
2.621334e-01	7.162267e-02	5.453494e-05	1.688663e-03
2.661118e-01	7.574829e-02	3.854175e-05	8.945838e-04
2.700805e-01	8.452481e-02	4.141411e-05	1.724044e-03
2.740575e-01	9.378037e-02	4.751994e-05	1.074842e-03
2.780772e-01	1.028502e-01	3.772074e-05	1.727855e-03
2.820652e-01	1.131421e-01	2.921570e-05	2.471102e-03
2.860899e-01	1.250762e-01	2.815760e-05	1.966508e-03
2.900494e-01	1.369115e-01	3.476077e-05	2.621961e-03
2.940843e-01	1.486528e-01	3.169663e-05	3.139201e-03
2.980197e-01	1.637147e-01	1.290783e-05	3.033841e-03
3.020484e-01	1.756940e-01	2.113180e-05	3.285192e-03
3.060338e-01	1.902703e-01	2.717240e-05	2.637595e-03
3.100392e-01	2.065033e-01	1.876753e-05	2.748255e-03
3.140059e-01	2.191596e-01	2.157826e-05	3.013510e-03
3.180173e-01	2.353367e-01	2.723253e-05	2.620264e-03
3.219982e-01	2.476394e-01	2.324182e-05	2.910496e-03
3.260213e-01	2.616869e-01	1.887595e-05	2.543702e-03
3.299889e-01	2.785553e-01	1.472245e-05	2.655139e-03
3.339520e-01	2.904938e-01	1.641290e-05	3.141239e-03
3.379606e-01	3.041000e-01	1.532010e-05	3.272100e-03
3.419253e-01	3.179950e-01	2.027687e-05	3.275739e-03
3.459143e-01	3.309519e-01	1.691348e-05	2.690973e-03
3.499138e-01	3.422102e-01	2.152209e-05	3.114413e-03
3.538995e-01	3.559653e-01	1.399204e-05	2.363422e-03
3.579009e-01	3.669106e-01	1.199287e-05	2.625976e-03
3.619047e-01	3.781443e-01	1.273666e-05	2.592262e-03
3.658622e-01	3.892671e-01	1.484798e-05	2.341989e-03
3.698740e-01	3.976227e-01	1.196161e-05	2.272046e-03
3.738558e-01	4.087560e-01	9.799408e-06	2.177143e-03
3.778418e-01	4.181438e-01	8.979288e-06	2.153003e-03
3.818255e-01	4.277663e-01	1.293723e-05	1.757336e-03
3.858231e-01	4.366600e-01	1.248590e-05	2.014098e-03
3.898096e-01	4.446611e-01	6.931247e-06	1.250084e-03
3.938218e-01	4.540324e-01	9.597671e-06	1.576953e-03
3.977958e-01	4.609110e-01	1.304779e-05	1.563906e-03
4.017925e-01	4.674658e-01	1.068936e-05	1.341750e-03
4.057893e-01	4.752857e-01	8.933367e-06	1.197514e-03
4.097867e-01	4.823620e-01	7.203509e-06	1.424446e-03
4.137754e-01	4.893879e-01	7.476890e-06	1.247519e-03
4.177587e-01	4.949705e-01	7.153124e-06	1.163900e-03
4.217600e-01	5.019192e-01	6.552160e-06	1.074730e-03
4.257409e-01	5.066000e-01	6.665028e-06	9.909799e-04
4.297198e-01	5.128152e-01	9.470404e-06	1.395181e-03
4.337172e-01	5.181423e-01	7.303259e-06	7.264032e-04
4.377136e-01	5.239033e-01	9.634739e-06	9.417460e-04
4.417141e-01	5.276169e-01	1.069681e-05	8.366628e-04
4.456943e-01	5.332986e-01	6.391759e-06	8.208446e-04
4.496761e-01	5.369771e-01	8.119302e-06	1.108812e-03
4.536740e-01	5.411289e-01	8.687470e-06	6.448034e-04
4.576522e-01	5.457501e-01	7.463173e-06	7.154488e-04
4.616376e-01	5.487436e-01	1.043324e-05	5.958040e-04
4.656304e-01	5.523201e-01	1.688529e-05	4.810888e-04
4.695684e-01	5.564463e-01	1.809387e-05	5.273908e-04
4.734766e-01	5.589866e-01	2.628326e-05	6.679891e-04
4.772721e-01	5.625060e-01	6.922416e-05	5.160855e-04
4.812043e-01	5.634050e-01	8.396674e-05	9.029514e-04
4.849085e-01	5.648978e-01	7.462039e-05	1.302970e-03
4.887153e-01	5.699362e-01	1.485319e-04	3.916948e-03
