#1:lambda	2:ipr2	3:lambda_err	4:ipr2_err
7.468921e-03	2.462909e-02	2.481670e-04	3.435422e-03
1.001583e-02	2.403975e-02	2.298068e-04	2.096769e-03
1.293767e-02	2.800254e-02	1.204020e-04	2.860120e-03
1.598203e-02	3.235044e-02	1.673022e-04	1.323881e-03
1.838492e-02	2.747653e-02	1.464866e-04	2.077910e-03
2.112139e-02	3.464264e-02	9.937478e-05	2.824881e-03
2.385001e-02	3.443180e-02	6.573462e-05	1.816306e-03
2.646894e-02	4.248440e-02	1.074797e-04	2.311304e-03
2.915955e-02	4.053412e-02	8.326860e-05	2.261783e-03
3.204050e-02	4.313338e-02	9.365136e-05	1.889164e-03
3.460148e-02	4.886848e-02	7.833898e-05	3.128302e-03
3.744392e-02	5.054885e-02	6.159598e-05	2.452993e-03
4.002932e-02	5.492558e-02	4.615218e-05	2.695138e-03
4.274551e-02	5.524967e-02	4.844653e-05	2.861004e-03
4.542436e-02	6.006492e-02	4.224871e-05	1.452460e-03
4.813831e-02	6.440155e-02	5.103072e-05	2.161700e-03
5.100382e-02	6.938093e-02	4.385593e-05	2.833031e-03
5.364584e-02	7.522071e-02	5.094925e-05	1.853086e-03
5.633736e-02	7.848148e-02	5.608574e-05	1.679828e-03
5.909919e-02	8.542445e-02	4.768234e-05	3.107535e-03
6.175430e-02	8.586540e-02	2.492729e-05	2.319523e-03
6.451084e-02	9.185702e-02	3.700557e-05	2.282973e-03
6.719577e-02	1.005077e-01	3.138301e-05	2.445964e-03
6.996408e-02	1.002818e-01	4.012657e-05	2.277383e-03
7.272860e-02	1.093237e-01	3.214743e-05	3.607007e-03
7.533725e-02	1.151937e-01	2.983002e-05	3.576525e-03
7.805739e-02	1.197336e-01	3.410565e-05	2.918417e-03
8.086289e-02	1.249479e-01	3.535218e-05	2.452552e-03
8.358892e-02	1.308450e-01	2.971838e-05	2.323308e-03
8.626392e-02	1.352325e-01	3.728787e-05	2.974701e-03
8.899552e-02	1.379314e-01	3.247334e-05	2.838165e-03
9.167892e-02	1.443609e-01	1.830546e-05	2.579853e-03
9.445413e-02	1.484663e-01	1.967279e-05	2.285550e-03
9.714742e-02	1.535486e-01	2.608761e-05	1.955959e-03
9.981925e-02	1.624689e-01	2.824040e-05	2.611954e-03
1.025334e-01	1.635312e-01	3.004810e-05	1.386219e-03
1.053008e-01	1.705960e-01	2.078000e-05	3.285885e-03
1.080245e-01	1.757923e-01	2.561165e-05	3.132365e-03
1.106895e-01	1.841924e-01	1.954251e-05	1.987742e-03
1.134830e-01	1.904432e-01	1.336849e-05	1.855268e-03
1.161585e-01	1.951457e-01	2.021581e-05	1.939519e-03
1.189125e-01	2.039526e-01	1.736041e-05	1.365180e-03
1.216305e-01	2.035760e-01	2.766365e-05	2.969938e-03
1.243219e-01	2.133475e-01	2.402385e-05	2.541386e-03
1.270516e-01	2.198794e-01	1.859674e-05	2.353876e-03
1.297731e-01	2.273896e-01	2.724756e-05	1.494185e-03
1.324738e-01	2.317432e-01	1.934843e-05	1.766017e-03
1.351817e-01	2.387351e-01	1.186970e-05	1.624159e-03
1.379340e-01	2.445460e-01	1.529428e-05	2.295652e-03
1.406686e-01	2.489422e-01	1.926622e-05	2.071282e-03
1.433704e-01	2.542127e-01	2.209603e-05	1.748101e-03
1.461017e-01	2.607494e-01	1.829014e-05	1.923256e-03
1.488348e-01	2.667758e-01	1.544259e-05	1.572934e-03
1.515459e-01	2.722162e-01	1.992499e-05	2.289677e-03
1.542492e-01	2.813462e-01	1.381926e-05	1.567336e-03
1.569331e-01	2.849410e-01	1.390398e-05	1.956856e-03
1.596790e-01	2.896751e-01	1.470204e-05	2.233419e-03
1.624199e-01	2.967202e-01	1.262268e-05	1.724442e-03
1.651594e-01	3.017419e-01	1.282177e-05	1.936505e-03
1.678809e-01	3.070233e-01	1.411242e-05	1.856536e-03
1.705605e-01	3.140486e-01	1.457335e-05	2.301639e-03
1.732804e-01	3.199737e-01	1.285473e-05	1.899087e-03
1.760038e-01	3.251964e-01	2.023670e-05	1.636816e-03
1.787416e-01	3.305829e-01	1.771619e-05	1.331970e-03
1.814761e-01	3.344445e-01	2.049454e-05	1.459184e-03
1.841711e-01	3.405152e-01	1.498121e-05	1.570152e-03
1.868774e-01	3.444236e-01	1.552468e-05	2.019591e-03
1.895962e-01	3.490834e-01	1.301332e-05	1.695955e-03
1.923385e-01	3.556098e-01	2.065052e-05	1.968852e-03
1.950505e-01	3.586143e-01	1.425452e-05	1.483280e-03
1.977300e-01	3.637473e-01	1.644471e-05	6.189379e-04
2.004851e-01	3.688489e-01	1.179729e-05	1.418170e-03
2.032132e-01	3.745469e-01	1.731560e-05	2.052149e-03
2.059255e-01	3.795649e-01	1.112212e-05	1.526778e-03
2.086168e-01	3.823013e-01	1.071717e-05	1.411360e-03
2.113727e-01	3.879819e-01	1.120860e-05	1.216171e-03
2.140599e-01	3.910234e-01	1.556146e-05	1.446221e-03
2.167827e-01	3.964960e-01	1.811239e-05	1.474877e-03
2.195239e-01	4.014970e-01	1.043290e-05	1.207946e-03
2.222436e-01	4.048194e-01	1.060653e-05	1.263836e-03
2.249498e-01	4.092416e-01	1.346007e-05	1.712950e-03
2.276421e-01	4.129103e-01	1.287516e-05	9.516760e-04
2.303977e-01	4.160081e-01	1.065427e-05	1.092801e-03
2.331132e-01	4.201898e-01	8.749143e-06	1.397650e-03
2.358360e-01	4.228826e-01	1.299307e-05	1.088962e-03
2.385449e-01	4.269126e-01	1.564778e-05	1.098080e-03
2.412477e-01	4.311410e-01	1.138329e-05	1.218795e-03
2.439789e-01	4.332239e-01	1.538996e-05	1.313502e-03
2.467203e-01	4.388220e-01	1.214593e-05	1.264526e-03
2.494335e-01	4.415737e-01	9.285833e-06	1.498751e-03
2.521597e-01	4.449565e-01	1.182845e-05	1.105182e-03
2.548833e-01	4.472995e-01	1.177278e-05	1.034441e-03
2.575811e-01	4.516526e-01	8.206254e-06	1.475233e-03
2.603017e-01	4.561002e-01	6.731359e-06	1.122659e-03
2.630394e-01	4.589203e-01	9.219064e-06	8.773657e-04
2.657523e-01	4.606282e-01	1.218235e-05	1.179502e-03
2.684825e-01	4.648172e-01	1.147946e-05	7.736677e-04
2.712049e-01	4.670839e-01	4.631671e-06	8.916867e-04
2.739276e-01	4.692160e-01	1.019540e-05	7.235595e-04
2.766278e-01	4.719009e-01	7.438195e-06	1.107574e-03
2.793608e-01	4.756586e-01	6.635024e-06	1.110419e-03
2.820680e-01	4.759040e-01	1.116069e-05	6.731871e-04
2.847758e-01	4.806761e-01	7.090337e-06	9.932230e-04
2.874972e-01	4.829904e-01	1.408307e-05	8.676106e-04
2.902136e-01	4.854964e-01	9.283000e-06	7.933385e-04
2.929191e-01	4.880950e-01	1.365040e-05	1.129010e-03
2.956488e-01	4.899826e-01	1.067075e-05	1.012633e-03
2.983244e-01	4.919199e-01	1.532317e-05	9.127816e-04
3.010404e-01	4.946380e-01	1.148025e-05	9.328075e-04
3.037131e-01	4.957343e-01	1.973928e-05	1.277107e-03
3.063852e-01	4.970713e-01	2.744041e-05	1.162745e-03
3.091190e-01	4.974222e-01	3.299890e-05	1.420792e-03
3.118265e-01	4.984477e-01	3.947529e-05	1.594168e-03
3.143774e-01	5.016239e-01	6.785608e-05	1.543634e-03
3.170623e-01	4.999078e-01	1.275206e-04	2.813854e-03
3.198900e-01	4.982872e-01	1.380986e-04	2.808552e-03
