#1:lambda	2:ipr2	3:lambda_err	4:ipr2_err
1.011600e-01	5.862162e-03	3.938427e-04	4.585781e-04
1.135501e-01	5.705228e-03	2.647376e-04	5.362674e-04
1.180310e-01	4.935501e-03	2.676589e-04	2.792457e-04
1.266902e-01	5.664738e-03	3.106760e-04	6.321330e-04
1.300756e-01	5.505561e-03	2.994394e-04	6.387752e-04
1.345284e-01	5.918119e-03	2.378947e-04	5.991564e-04
1.390791e-01	5.527005e-03	3.499000e-04	5.216329e-04
1.433211e-01	6.194204e-03	2.877064e-04	7.637528e-04
1.517412e-01	4.476709e-03	1.372568e-04	2.777005e-04
1.562111e-01	6.036695e-03	1.652288e-04	5.637950e-04
1.603148e-01	6.492492e-03	3.739039e-04	7.957686e-04
1.646035e-01	5.912258e-03	2.602658e-04	5.549456e-04
1.694088e-01	6.672610e-03	3.011016e-04	6.609594e-04
1.730253e-01	5.842720e-03	2.075099e-04	3.572697e-04
1.777826e-01	5.887639e-03	2.239732e-04	6.738709e-04
1.815125e-01	7.059942e-03	1.739499e-04	4.683915e-04
1.858856e-01	6.180806e-03	2.216605e-04	6.747223e-04
1.903940e-01	7.582817e-03	2.066959e-04	3.096336e-04
1.944839e-01	7.614903e-03	1.846462e-04	7.166686e-04
1.985580e-01	7.433015e-03	1.764803e-04	7.396252e-04
2.034693e-01	8.004632e-03	1.670173e-04	6.465477e-04
2.072343e-01	8.622006e-03	1.325916e-04	5.355283e-04
2.114959e-01	1.009851e-02	1.666394e-04	6.708384e-04
2.158103e-01	1.088929e-02	1.829729e-04	1.181418e-03
2.202543e-01	1.124358e-02	7.403404e-05	6.919968e-04
2.245678e-01	1.260692e-02	1.200712e-04	1.063713e-03
2.289438e-01	8.597185e-03	1.544074e-04	7.016391e-04
2.328921e-01	1.308691e-02	1.252900e-04	1.165369e-03
2.369651e-01	1.368003e-02	1.122385e-04	9.814806e-04
2.414419e-01	1.451790e-02	9.050867e-05	9.146530e-04
2.459169e-01	1.520220e-02	9.573533e-05	8.296339e-04
2.502174e-01	1.512816e-02	8.699088e-05	9.267529e-04
2.543078e-01	1.909617e-02	1.182676e-04	6.803576e-04
2.584681e-01	1.969218e-02	1.056520e-04	8.315334e-04
2.627738e-01	2.041832e-02	7.540050e-05	1.045742e-03
2.669275e-01	2.142782e-02	9.366336e-05	1.268191e-03
2.714765e-01	2.520337e-02	5.878167e-05	1.611883e-03
2.756998e-01	2.833270e-02	9.067709e-05	1.825830e-03
2.799162e-01	3.019012e-02	7.279347e-05	1.307005e-03
2.841086e-01	3.277680e-02	7.208835e-05	9.720029e-04
2.884311e-01	3.901006e-02	5.463556e-05	2.000823e-03
2.925876e-01	4.191696e-02	6.000526e-05	1.878012e-03
2.970217e-01	4.779591e-02	4.652793e-05	2.512192e-03
3.012060e-01	5.120993e-02	5.428194e-05	2.637899e-03
3.054219e-01	5.567849e-02	5.934060e-05	2.228367e-03
3.097139e-01	6.607224e-02	5.115448e-05	2.816091e-03
3.139032e-01	7.319490e-02	3.363329e-05	3.617316e-03
3.181283e-01	8.304700e-02	3.178304e-05	2.610062e-03
3.224837e-01	9.655557e-02	2.433589e-05	3.182631e-03
3.267421e-01	1.059532e-01	3.229156e-05	4.465079e-03
3.310050e-01	1.185077e-01	2.548865e-05	4.123810e-03
3.352073e-01	1.346592e-01	2.872273e-05	3.855143e-03
3.396087e-01	1.463490e-01	4.281252e-05	3.621596e-03
3.437950e-01	1.622485e-01	1.763694e-05	3.791614e-03
3.480476e-01	1.807750e-01	1.696422e-05	4.824278e-03
3.523194e-01	1.924230e-01	2.446453e-05	5.205871e-03
3.565931e-01	2.144660e-01	3.026434e-05	2.755381e-03
3.608172e-01	2.328728e-01	1.904164e-05	5.406875e-03
3.651203e-01	2.508851e-01	1.824142e-05	4.049319e-03
3.693765e-01	2.645429e-01	1.981390e-05	4.552982e-03
3.736466e-01	2.809901e-01	1.607676e-05	4.512265e-03
3.779263e-01	3.001353e-01	1.841051e-05	3.200803e-03
3.821758e-01	3.131271e-01	2.059738e-05	2.775017e-03
3.864215e-01	3.310538e-01	1.568435e-05	3.590224e-03
3.906887e-01	3.456762e-01	1.472194e-05	3.642609e-03
3.949715e-01	3.623046e-01	1.253531e-05	2.656844e-03
3.992314e-01	3.780021e-01	1.623714e-05	2.288613e-03
4.034889e-01	3.903469e-01	1.434585e-05	2.462584e-03
4.077517e-01	4.036802e-01	6.502190e-06	2.059168e-03
4.120067e-01	4.158671e-01	1.747255e-05	2.361440e-03
4.162574e-01	4.270099e-01	1.438070e-05	1.947480e-03
4.205371e-01	4.374609e-01	1.585564e-05	2.402550e-03
4.247937e-01	4.487485e-01	1.188048e-05	1.240234e-03
4.290811e-01	4.596600e-01	1.027615e-05	1.861070e-03
4.333543e-01	4.686000e-01	8.172894e-06	1.472012e-03
4.376133e-01	4.780564e-01	1.519325e-05	1.287114e-03
4.418646e-01	4.858210e-01	1.174402e-05	8.712735e-04
4.461311e-01	4.947854e-01	9.677469e-06	1.011374e-03
4.503891e-01	5.016226e-01	1.082601e-05	1.114360e-03
4.546393e-01	5.107159e-01	1.295838e-05	8.466639e-04
4.589077e-01	5.158087e-01	8.546834e-06	1.034090e-03
4.631750e-01	5.238780e-01	1.253530e-05	8.450799e-04
4.674578e-01	5.290454e-01	1.186775e-05	8.689542e-04
4.717029e-01	5.344064e-01	1.339728e-05	4.360396e-04
4.759673e-01	5.400712e-01	1.039051e-05	5.095595e-04
4.802454e-01	5.455254e-01	6.765777e-06	3.753723e-04
4.845128e-01	5.511075e-01	6.810824e-06	4.958807e-04
4.887700e-01	5.548147e-01	6.044238e-06	6.552450e-04
4.930287e-01	5.597377e-01	1.285553e-05	4.230940e-04
4.972926e-01	5.641744e-01	8.864972e-06	5.889338e-04
5.015523e-01	5.688831e-01	7.973124e-06	4.339740e-04
5.058149e-01	5.721673e-01	1.397513e-05	6.087784e-04
5.100682e-01	5.757120e-01	1.721340e-05	5.339033e-04
5.143282e-01	5.787858e-01	1.330682e-05	4.913594e-04
5.184905e-01	5.818527e-01	3.138376e-05	5.076361e-04
5.225480e-01	5.847833e-01	5.691889e-05	8.810720e-04
5.265432e-01	5.881982e-01	6.285082e-05	1.318495e-03
5.307570e-01	5.880300e-01	7.302715e-05	8.269263e-04
5.344217e-01	5.916312e-01	1.207351e-04	3.599057e-03
