#1:lambda	2:ipr2	3:lambda_err	4:ipr2_err
1.322844e-02	2.663752e-02	2.271380e-04	3.696628e-03
1.659896e-02	2.927500e-02	1.270056e-04	3.803835e-03
1.975038e-02	3.095219e-02	1.436579e-04	3.635101e-03
2.309231e-02	3.332301e-02	1.521876e-04	2.169984e-03
2.644364e-02	3.722093e-02	1.116078e-04	1.025441e-03
2.960409e-02	3.546926e-02	1.352230e-04	1.746278e-03
3.291006e-02	3.810650e-02	6.098178e-05	1.590392e-03
3.631609e-02	4.111146e-02	1.284296e-04	1.778883e-03
3.966342e-02	4.278831e-02	5.946054e-05	1.736032e-03
4.304359e-02	4.567253e-02	6.357521e-05	1.036299e-03
4.633821e-02	4.829278e-02	5.310980e-05	1.168236e-03
4.964287e-02	5.340036e-02	5.720168e-05	1.431427e-03
5.306638e-02	5.444062e-02	4.022150e-05	1.547673e-03
5.630055e-02	5.604001e-02	5.585776e-05	1.747283e-03
5.968945e-02	6.006274e-02	2.729797e-05	2.273339e-03
6.300182e-02	6.569192e-02	4.953683e-05	2.273784e-03
6.638664e-02	6.626165e-02	5.768915e-05	1.378723e-03
6.967441e-02	7.074046e-02	4.405616e-05	1.790764e-03
7.305420e-02	7.392948e-02	4.829460e-05	1.435955e-03
7.637208e-02	7.823934e-02	5.542077e-05	1.948130e-03
7.972529e-02	8.190584e-02	3.565279e-05	2.107978e-03
8.303478e-02	8.402007e-02	2.739708e-05	1.857189e-03
8.639865e-02	8.742596e-02	5.391518e-05	2.243308e-03
8.978461e-02	9.685320e-02	5.298267e-05	2.262105e-03
9.305924e-02	9.442651e-02	2.544280e-05	1.813665e-03
9.638525e-02	9.901805e-02	2.588826e-05	1.960568e-03
9.974196e-02	1.044095e-01	1.942260e-05	1.930602e-03
1.030627e-01	1.080950e-01	3.216487e-05	1.725674e-03
1.064398e-01	1.132830e-01	3.134593e-05	2.250637e-03
1.097570e-01	1.190180e-01	2.417059e-05	1.627550e-03
1.130698e-01	1.225786e-01	2.904750e-05	2.415488e-03
1.164323e-01	1.279444e-01	1.697728e-05	2.538215e-03
1.197588e-01	1.330145e-01	3.257364e-05	2.197534e-03
1.230796e-01	1.382502e-01	1.992837e-05	1.520139e-03
1.264968e-01	1.449475e-01	2.246096e-05	2.126941e-03
1.297699e-01	1.492325e-01	2.269673e-05	1.645910e-03
1.331253e-01	1.525441e-01	2.696713e-05	1.798508e-03
1.364825e-01	1.575723e-01	1.980150e-05	2.190034e-03
1.398214e-01	1.657446e-01	1.861713e-05	1.845383e-03
1.431696e-01	1.730826e-01	2.930178e-05	2.248699e-03
1.464985e-01	1.767553e-01	1.529506e-05	2.049864e-03
1.498331e-01	1.827932e-01	1.805223e-05	2.270642e-03
1.531289e-01	1.875994e-01	2.767698e-05	2.653751e-03
1.565181e-01	1.930098e-01	1.601465e-05	2.406557e-03
1.598680e-01	2.001538e-01	1.596850e-05	2.557710e-03
1.631768e-01	2.047711e-01	1.798284e-05	1.758789e-03
1.665272e-01	2.101723e-01	1.204068e-05	2.127339e-03
1.698883e-01	2.182225e-01	1.453458e-05	1.724028e-03
1.732482e-01	2.225297e-01	1.587274e-05	1.446966e-03
1.765568e-01	2.280711e-01	1.997135e-05	1.616757e-03
1.798851e-01	2.347326e-01	1.875284e-05	1.945067e-03
1.831931e-01	2.412987e-01	1.715227e-05	1.423400e-03
1.865503e-01	2.458518e-01	1.706902e-05	1.543382e-03
1.899009e-01	2.506907e-01	1.637302e-05	1.430099e-03
1.932433e-01	2.554831e-01	1.064996e-05	1.737251e-03
1.965683e-01	2.605363e-01	9.227804e-06	1.462368e-03
1.999173e-01	2.667147e-01	1.954070e-05	1.492463e-03
2.032630e-01	2.725375e-01	1.853457e-05	1.192737e-03
2.065908e-01	2.783599e-01	1.762620e-05	1.112653e-03
2.099392e-01	2.852582e-01	1.348561e-05	1.638001e-03
2.132858e-01	2.895564e-01	1.121610e-05	1.391866e-03
2.165934e-01	2.946002e-01	5.736788e-06	1.311953e-03
2.199241e-01	3.007061e-01	1.368169e-05	1.732818e-03
2.232644e-01	3.057343e-01	1.279495e-05	1.483443e-03
2.266147e-01	3.119135e-01	1.275512e-05	1.488662e-03
2.299752e-01	3.178096e-01	1.647093e-05	1.406715e-03
2.333165e-01	3.218147e-01	1.480823e-05	1.699868e-03
2.366402e-01	3.261464e-01	1.376338e-05	1.421797e-03
2.399854e-01	3.315505e-01	1.078191e-05	1.248146e-03
2.433171e-01	3.371094e-01	1.003364e-05	1.035399e-03
2.466561e-01	3.404871e-01	9.409664e-06	8.891675e-04
2.500112e-01	3.465830e-01	1.284761e-05	1.011578e-03
2.533577e-01	3.510363e-01	9.227267e-06	9.291719e-04
2.566741e-01	3.544166e-01	8.528313e-06	7.989258e-04
2.600158e-01	3.585454e-01	8.259090e-06	1.131650e-03
2.633564e-01	3.632521e-01	1.600598e-05	1.054342e-03
2.666901e-01	3.664535e-01	5.977166e-06	8.557762e-04
2.700385e-01	3.706501e-01	1.004563e-05	1.009611e-03
2.733674e-01	3.749354e-01	7.836578e-06	6.620641e-04
2.767244e-01	3.800292e-01	8.288716e-06	9.277509e-04
2.800697e-01	3.837566e-01	1.074366e-05	8.551988e-04
2.833897e-01	3.872740e-01	1.324767e-05	1.380750e-03
2.867352e-01	3.914489e-01	1.125261e-05	9.997050e-04
2.900909e-01	3.948428e-01	6.557720e-06	1.008382e-03
2.934033e-01	3.979854e-01	1.118533e-05	7.982458e-04
2.967477e-01	4.026727e-01	9.924529e-06	7.703116e-04
3.000999e-01	4.058827e-01	1.176861e-05	1.123206e-03
3.034255e-01	4.086954e-01	1.157288e-05	5.929410e-04
3.067681e-01	4.121278e-01	6.001532e-06	9.077915e-04
3.100907e-01	4.160165e-01	5.335127e-06	4.695296e-04
3.134321e-01	4.187134e-01	1.163922e-05	6.387728e-04
3.167956e-01	4.222609e-01	5.525563e-06	8.124845e-04
3.201243e-01	4.247679e-01	8.942453e-06	7.714386e-04
3.234641e-01	4.284488e-01	1.136471e-05	7.061387e-04
3.267927e-01	4.315416e-01	1.255208e-05	7.659011e-04
3.301469e-01	4.348878e-01	1.034839e-05	7.149582e-04
3.334827e-01	4.375354e-01	6.648694e-06	7.841111e-04
3.368114e-01	4.406870e-01	6.654667e-06	4.352972e-04
3.401694e-01	4.425042e-01	1.080087e-05	5.148965e-04
3.435254e-01	4.459550e-01	7.730396e-06	6.820365e-04
3.468360e-01	4.498987e-01	1.119262e-05	6.231299e-04
3.501657e-01	4.520201e-01	7.861667e-06	6.890377e-04
3.535085e-01	4.547503e-01	3.969645e-06	8.883557e-04
3.568305e-01	4.570136e-01	8.004986e-06	6.910336e-04
3.601653e-01	4.598105e-01	1.254677e-05	7.593293e-04
3.635131e-01	4.618687e-01	1.121834e-05	7.633686e-04
3.668121e-01	4.642549e-01	1.564035e-05	8.461211e-04
3.701470e-01	4.659542e-01	1.590112e-05	7.945451e-04
3.733922e-01	4.679339e-01	1.941742e-05	7.445113e-04
3.767428e-01	4.702297e-01	1.777255e-05	7.422165e-04
3.800153e-01	4.723809e-01	3.804542e-05	1.006546e-03
3.833061e-01	4.731301e-01	6.380848e-05	1.149485e-03
3.865258e-01	4.729868e-01	6.363481e-05	1.199095e-03
3.900028e-01	4.704969e-01	7.787354e-05	2.310286e-03
3.931300e-01	4.693299e-01	1.395555e-04	2.229446e-03
